10 7
14 14
7 7
7 7
14 14
17 9
10 4
7 7
16 16
8 1
16 4
16 2
6 6
9 2
16 4
5 2
4 4
6 9
7 7
7 7
8 8
14 14
13 13
6 7
10 10
8 8
17 17
8 1
16 16
13 13
14 9
9 4
7 7
16 16
5 5
9 9
10 10
7 13
10 10
5 5
17 17
6 6
14 1
8 8
6 6
14 14
7 15
4 9
16 16
6 6
16 7
5 5
10 10
7 13
7 7
10 10
9 17
4 4
10 10
7 3
4 4
17 9
10 10
10 10
9 2
6 6
10 4
16 15
14 12
16 13
6 16
10 10
8 8
9 9
10 10
4 1
14 14
16 16
6 16
14 14
7 8
16 1
16 16
8 8
6 12
7 1
9 9
8 12
9 9
16 1
10 1
10 1
7 4
16 13
16 16
16 3
8 8
4 2
8 1
13 13
9 12
5 13
8 11
7 3
17 17
8 8
6 6
16 16
8 8
17 17
6 6
7 7
10 16
7 7
7 15
5 5
10 15
7 9
14 14
11 11
9 9
16 16
15 15
8 1
13 13
17 17
8 8
11 5
12 12
9 2
10 10
15 15
7 7
16 9
3 3
8 8
8 1
7 1
17 17
10 10
7 3
6 6
9 9
4 1
9 4
3 12
4 4
6 6
4 7
6 15
16 16
8 7
7 11
16 1
7 15
13 13
11 11
4 1
16 6
6 6
8 8
8 1
14 14
7 6
11 7
13 14
4 4
8 2
16 5
7 3
7 15
6 6
5 5
7 7
6 5
14 14
4 2
8 8
4 4
17 17
8 4
7 13
16 1
16 16
16 13
8 8
7 16
16 15
8 8
14 14
10 10
6 8
6 16
6 11
16 15
7 12
14 2
8 8
5 5
14 9
14 7
9 9
7 12
14 14
8 1
16 15
9 9
10 1
4 4
16 15
9 9
10 8
8 1
16 13
5 5
16 16
11 11
7 7
5 11
6 16
16 16
6 6
9 15
6 6
8 9
13 5
6 6
14 1
8 17
16 4
7 7
7 13
7 16
4 4
14 3
13 13
6 3
16 15
4 1
7 13
7 7
9 4
14 14
14 14
8 2
14 14
10 16
8 1
8 1
16 16
7 7
11 5
7 11
16 4
8 8
7 16
8 11
6 6
7 7
8 8
7 7
14 14
16 13
9 1
16 16
5 5
10 10
16 1
13 13
7 3
9 9
14 14
6 6
16 16
16 16
8 1
8 8
8 8
8 8
10 9
14 3
6 6
16 10
10 10
11 11
8 8
7 5
11 11
10 10
8 1
4 4
10 10
11 9
14 14
8 8
11 11
8 10
16 1
16 13
9 9
7 3
9 1
17 13
14 14
6 6
7 3
7 7
8 5
9 17
8 17
8 3
5 5
11 11
8 6
7 7
8 1
17 17
7 13
10 9
10 16
14 14
6 6
10 16
14 17
17 17
16 16
10 10
6 6
10 1
7 12
6 6
8 1
10 10
7 1
14 4
8 1
14 14
16 15
10 9
7 7
16 16
7 12
10 1
3 17
7 7
7 7
6 6
6 6
10 15
6 6
9 9
7 7
5 16
8 7
13 13
5 5
8 8
14 14
16 1
14 14
10 10
14 1
10 17
16 1
14 14
8 16
7 13
6 8
16 10
8 8
13 13
6 15
10 10
14 14
6 6
6 10
8 1
8 8
14 6
6 6
17 17
10 4
9 9
8 1
16 13
9 9
5 5
10 10
14 14
14 14
10 10
9 9
6 6
7 15
5 5
8 1
10 10
7 3
9 9
14 14
8 8
11 11
11 11
11 10
8 17
6 10
8 13
7 3
17 17
12 12
6 6
9 5
8 8
7 4
11 11
10 10
3 3
9 9
7 15
8 8
8 7
6 6
17 17
7 1
11 11
16 15
8 8
11 11
11 5
16 15
9 4
10 10
10 10
6 13
7 11
14 14
17 17
6 6
6 6
8 1
7 13
17 17
6 6
9 10
7 7
7 15
14 9
14 14
16 12
5 5
6 16
6 6
16 15
8 8
8 12
14 5
6 6
6 4
16 16
4 2
13 13
14 8
9 14
5 5
7 3
9 2
9 9
10 14
6 6
10 10
11 11
16 13
16 15
8 1
10 10
9 9
7 7
10 10
16 16
4 1
13 13
9 5
9 9
14 14
4 7
7 13
16 4
16 16
5 5
8 7
6 6
16 15
16 15
16 16
8 8
7 7
17 17
9 9
7 3
8 8
16 16
4 4
7 6
17 17
8 8
3 3
4 4
11 11
8 1
7 12
9 10
13 13
7 3
16 1
16 16
7 3
7 11
8 8
8 8
4 9
10 1
8 8
17 17
4 4
8 5
4 1
16 16
11 11
8 1
8 3
8 11
16 7
16 16
8 8
9 8
8 4
10 3
4 4
14 11
8 12
8 8
8 1
3 13
7 7
7 15
8 8
7 12
8 5
17 8
16 15
17 17
9 4
8 8
6 6
9 4
5 5
14 1
6 10
16 16
10 9
16 16
17 17
7 13
9 5
9 9
8 8
9 2
11 11
14 1
7 15
10 10
7 4
8 3
5 5
11 11
10 1
9 9
9 17
8 3
8 8
7 3
8 1
16 15
7 7
16 15
16 16
4 4
14 14
5 16
8 8
9 9
10 5
16 6
8 8
7 7
10 10
7 1
6 6
7 9
7 15
11 11
11 11
6 17
10 10
8 7
7 7
16 4
8 1
13 13
17 17
10 1
8 5
16 13
9 2
8 1
4 4
7 13
13 16
6 6
6 6
16 16
8 4
7 7
16 4
10 7
10 10
6 15
8 3
7 12
16 13
10 10
5 9
8 15
3 3
17 17
7 3
16 15
6 7
17 11
6 6
10 10
8 2
10 16
11 9
8 12
17 9
13 13
10 5
7 15
13 13
16 16
7 5
7 3
8 6
8 8
7 3
10 2
10 1
6 6
8 8
9 4
16 16
16 15
8 1
7 11
9 17
4 1
7 13
10 14
8 2
6 6
8 9
9 9
16 16
16 13
10 10
5 5
8 2
6 16
7 7
16 1
10 10
11 11
5 5
16 13
16 16
5 5
16 16
6 12
11 5
3 12
14 1
7 7
14 1
7 7
12 12
16 6
8 1
14 14
7 9
16 16
4 15
5 5
4 2
9 9
14 14
11 12
10 10
5 5
17 17
10 1
17 17
16 15
8 12
7 12
10 16
11 12
16 6
4 10
6 6
16 16
7 3
11 11
11 11
10 10
10 10
16 15
11 11
10 13
8 2
6 6
17 10
4 4
10 10
5 5
14 17
16 16
10 10
14 14
7 16
6 6
7 7
9 9
7 11
16 15
14 14
11 9
9 9
9 9
9 9
6 12
16 13
17 17
17 1
7 3
7 3
9 9
8 8
16 16
17 17
14 4
5 5
14 16
8 13
7 7
5 5
16 15
9 10
10 10
9 9
4 15
16 4
16 15
6 9
14 14
13 13
7 7
7 5
16 16
7 3
6 13
5 5
16 9
11 11
8 16
8 6
4 4
7 3
9 9
7 4
7 13
16 6
8 1
17 8
9 4
12 12
5 5
8 8
11 12
7 12
8 8
14 14
8 1
16 4
5 5
6 6
16 14
8 8
14 14
17 17
10 10
14 14
4 8
8 8
6 6
14 16
7 1
7 13
17 17
16 1
8 12
3 7
10 10
8 1
11 11
10 10
9 17
8 16
14 12
10 10
4 4
7 15
6 6
14 14
11 11
5 5
7 12
14 17
17 17
6 6
6 9
16 1
10 10
7 7
8 8
7 3
4 1
8 1
13 13
5 5
14 14
8 1
4 1
6 6
8 8
9 4
17 17
9 12
6 17
16 16
16 16
9 9
13 13
9 17
6 6
5 5
10 4
11 11
16 16
9 11
9 2
6 7
16 10
17 17
7 3
10 10
6 6
7 13
13 13
13 13
4 16
8 8
4 2
16 15
7 13
8 8
10 4
8 15
14 5
8 13
7 12
7 12
7 7
16 4
6 6
13 13
14 14
14 14
7 3
6 6
16 8
10 10
14 14
16 4
8 13
6 15
16 13
16 5
10 10
7 3
8 14
16 11
6 6
15 12
17 12
16 3
7 11
6 4
6 6
7 13
11 11
9 17
9 9
7 15
17 17
7 5
9 9
16 4
5 5
7 15
10 10
7 7
4 4
8 8
8 16
7 3
16 4
16 16
10 10
8 8
8 1
7 3
16 4
14 14
16 16
7 3
8 1
7 12
10 1
9 4
7 1
14 14
7 10
9 9
10 10
6 6
7 14
14 3
7 3
14 14
17 17
8 12
14 14
6 6
15 15
9 8
8 1
14 14
8 8
11 11
8 1
7 3
10 10
16 16
10 2
7 15
17 17
8 8
8 3
5 5
16 16
5 5
6 14
9 9
16 16
6 6
16 15
8 3
8 1
10 10
16 16
8 1
8 1
7 7
14 14
13 13
9 9
17 17
16 13
6 6
16 13
9 9
8 8
10 10
7 13
8 8
13 3
4 4
8 12
8 1
4 1
4 1
16 4
10 1
4 1
7 12
16 16
6 9
9 9
8 8
13 13
5 5
10 10
5 5
4 1
16 6
5 5
10 2
9 9
8 8
9 2
10 4
8 7
10 10
6 6
8 8
8 12
16 4
10 9
8 15
10 10
8 7
5 5
16 4
10 10
16 16
5 5
16 16
14 14
9 5
8 8
9 2
8 2
9 9
8 8
9 17
10 10
6 6
10 10
11 11
16 6
7 7
6 4
17 9
4 1
5 5
15 3
10 4
16 16
17 1
7 10
10 10
8 17
4 2
7 7
12 12
14 11
7 3
11 11
6 6
8 8
10 4
9 8
7 8
7 7
10 10
4 4
9 9
16 15
17 17
16 15
6 6
5 5
11 11
17 9
11 13
8 3
16 13
9 17
4 4
11 15
8 8
5 5
16 1
8 1
9 5
10 10
8 8
9 10
13 13
17 8
8 8
13 13
17 9
8 11
16 16
4 1
16 13
16 16
8 16
7 15
6 6
9 9
11 7
9 9
6 6
5 2
9 17
8 8
6 9
6 6
16 16
17 17
10 2
9 9
5 9
8 3
8 2
11 11
14 14
16 16
6 10
7 13
16 2
4 4
16 16
14 14
7 7
17 14
8 16
9 2
16 17
16 7
4 2
7 14
8 8
17 17
8 8
13 13
5 5
7 7
6 6
10 1
17 9
5 3
10 10
6 1
9 5
5 5
14 14
8 1
6 3
7 3
5 5
16 16
7 7
7 7
16 15
8 14
9 2
16 16
8 9
10 4
3 9
10 1
16 5
14 1
8 1
11 11
4 16
8 15
11 17
10 10
16 1
16 16
10 10
6 6
5 11
16 9
16 16
10 2
7 11
16 16
8 3
6 3
6 6
7 3
10 10
11 11
11 11
11 11
8 10
9 9
8 8
8 8
4 1
16 16
17 1
7 3
5 5
16 16
10 1
7 3
8 17
16 15
14 17
8 16
9 9
7 7
7 3
11 15
14 1
14 14
8 1
4 10
16 16
9 10
6 6
16 16
10 9
16 17
16 16
10 16
9 8
8 14
8 9
7 15
6 14
7 3
8 8
7 3
10 10
10 10
8 5
6 8
10 10
5 5
3 3
17 17
9 9
7 16
16 6
17 17
16 16
14 14
7 7
11 11
7 10
8 1
12 12
4 4
11 12
14 16
16 15
16 15
8 8
9 12
7 10
7 13
14 14
8 8
16 16
7 3
7 3
9 9
17 17
14 14
13 15
10 1
10 1
8 1
7 3
16 16
9 9
8 1
13 16
14 13
4 4
7 17
10 10
9 2
8 8
8 1
14 14
6 6
7 7
7 7
5 5
7 7
5 5
10 4
16 16
14 14
16 16
6 6
8 1
8 1
17 17
10 10
9 10
14 14
8 2
8 8
9 9
7 15
10 10
13 13
8 10
7 7
4 1
17 9
10 4
8 5
9 2
8 1
11 11
16 6
8 8
7 7
16 16
16 16
8 9
14 13
14 14
16 16
14 16
5 5
16 16
7 12
8 8
11 11
11 11
13 13
10 10
16 15
10 10
16 13
7 7
16 13
16 1
10 10
14 14
16 13
7 7
7 15
4 1
17 17
7 7
9 1
2 2
16 9
11 11
16 4
10 10
11 11
16 16
6 7
6 8
9 17
14 14
9 9
5 5
8 3
7 7
8 15
17 17
7 7
8 8
14 14
8 17
13 13
17 17
8 1
7 1
10 10
16 4
16 13
16 10
14 14
10 4
16 13
8 8
10 10
7 3
6 9
9 5
16 4
10 10
17 17
7 7
8 4
9 9
13 13
10 10
8 11
16 16
4 5
17 17
10 10
16 6
6 6
7 15
6 12
9 2
17 9
16 4
14 14
8 3
5 5
6 6
9 9
5 16
